[LEFT_CAM_2K]
fx=1056.45
fy=1055.86
cx=1100.46
cy=617.084
k1=-0.0407187
k2=0.0102223
p1=-0.000108065
p2=0.000205939
k3=-0.00503997

[RIGHT_CAM_2K]
fx=1054.99
fy=1054.42
cx=1132.93
cy=619.111
k1=-0.0419571
k2=0.0104849
p1=-0.00058626
p2=0.0003972
k3=-0.00481038

[LEFT_CAM_FHD]
fx=1056.45
fy=1055.86
cx=956.46
cy=536.084
k1=-0.0407187
k2=0.0102223
p1=-0.000108065
p2=0.000205939
k3=-0.00503997

[RIGHT_CAM_FHD]
fx=1054.99
fy=1054.42
cx=988.93
cy=538.111
k1=-0.0419571
k2=0.0104849
p1=-0.00058626
p2=0.0003972
k3=-0.00481038

[LEFT_CAM_HD]
fx=528.225
fy=527.93
cx=636.73
cy=356.542
k1=-0.0407187
k2=0.0102223
p1=-0.000108065
p2=0.000205939
k3=-0.00503997

[RIGHT_CAM_HD]
fx=527.495
fy=527.21
cx=652.965
cy=357.5555
k1=-0.0419571
k2=0.0104849
p1=-0.00058626
p2=0.0003972
k3=-0.00481038

[LEFT_CAM_VGA]
fx=264.1125
fy=263.965
cx=333.865
cy=185.771
k1=-0.0407187
k2=0.0102223
p1=-0.000108065
p2=0.000205939
k3=-0.00503997

[RIGHT_CAM_VGA]
fx=263.7475
fy=263.605
cx=341.9825
cy=186.27775
k1=-0.0419571
k2=0.0104849
p1=-0.00058626
p2=0.0003972
k3=-0.00481038

[STEREO]
Baseline=119.625
TY=-0.0530318
TZ=-0.44021
CV_2K=0.000854276
CV_FHD=0.000854276
CV_HD=0.000854276
CV_VGA=0.000854276
RX_2K=7.06212e-05
RX_FHD=7.06212e-05
RX_HD=7.06212e-05
RX_VGA=7.06212e-05
RZ_2K=-0.000312258
RZ_FHD=-0.000312258
RZ_HD=-0.000312258
RZ_VGA=-0.000312258

[MISC]
Sensor_ID=0
